id_manga,id_theme
2,9
2,22
2,24
2,30
1706,12
656,12
656,35
13,
1,0
1,30
51,36
51,42
642,12
25,22
70345,
4632,30
16765,12
16765,22
44489,1
3,12
3,30
657,30
657,42
1303,4
90125,34
90125,36
104,3
104,14
336,6
336,36
336,48
1224,3
1224,14
1224,39
34053,
56805,34
35243,36
35243,42
651,
21525,
28,0
28,15
28,23
100448,
14483,0
14483,38
14483,48
91941,
7375,30
26,
44347,27
44347,40
7,4
116778,9
418,0
418,12
418,14
126287,
72467,14
45143,28
45143,36
21,30
145,23
664,9
1133,9
145863,
88660,36
4,14
904,12
904,35
1859,14
123006,7
78523,36
85968,12
132678,12
107931,36
107931,47
44,8
44,12
44,27
44,35
81,14
745,30
60783,40
756,6
1325,12
1325,30
1325,38
114043,
126146,32
126146,37
100035,
102256,42
144267,36
23900,30
37707,23
37707,36
698,19
698,30
3006,
3031,
13245,15
13245,39
105084,36
118289,36
22,12
22,35
214,19
214,22
214,38
610,15
610,37
11514,12
61579,0
61579,11
61579,30
61579,39
92559,36
92559,42
11327,0
11327,30
11327,42
119161,3
23390,9
23390,22
23390,41
8157,24
107562,12
107562,20
113138,36
114745,42
129621,
137303,
44307,21
44307,26
44307,47
101396,26
101396,36
79085,23
79085,36
56529,7
87844,25
102,15
102,36
11734,23
11734,30
28393,15
28393,23
28393,36
33327,9
33327,30
113010,44
5744,
30,5
30,33
30,36
21498,30
85781,
104538,
93753,12
93753,44
38071,32
46282,
139629,
112988,
97244,30
1183,36
1183,42
1469,28
1469,37
7482,6
7482,12
7482,30
11054,7
11054,12
11054,30
85719,23
88639,
25515,
36413,3
36413,25
121504,
43,42
6812,6
6812,36
7519,10
7519,26
7519,36
9982,11
9982,30
9982,39
100323,0
100323,12
100323,30
3285,6
3285,18
3285,30
3299,0
3299,12
121213,36
29211,26
29211,36
62795,11
62795,30
62795,39
117851,36
743,30
1032,1
1032,36
17051,3
17051,14
17051,47
658,12
658,18
658,35
21499,
42451,36
3572,0
3572,11
3572,39
119279,36
93699,12
42,18
42,40
419,0
419,23
974,
3866,12
3866,24
8967,30
8967,36
768,
3573,0
3573,11
3573,39
110160,
87397,23
87397,36
87609,13
87609,32
24692,24
33031,9
33031,11
33031,30
33031,41
2921,36
6164,3
94376,2
94376,14
99314,34
110771,
106,17
401,9
401,30
9711,26
10,
85,2
85,36
1414,36
3082,8
3082,36
138673,
39325,30
39325,43
115730,
89087,0
89087,26
89087,48
1111,12
1600,20
3571,0
3571,39
48347,28
48347,36
122906,36
660,12
660,22
869,
936,30
3281,12
16081,30
62023,12
62023,14
58141,36
61189,
77609,
98436,13
98436,22
98436,32
104241,13
104241,24
25096,36
49835,2
49835,14
49835,48
923,13
923,24
1013,15
1013,36
1013,42
3575,6
3575,30
12471,
31,36
320,15
320,36
320,40
2895,23
10552,30
40761,3
443,30
895,19
895,22
102343,
155861,23
47022,12
47022,23
112774,29
118568,2
118568,23
123444,
93972,
736,12
1262,30
9699,36
9,
18,15
18,36
18,37
79,12
79,43
149,30
1263,30
9548,30
14236,3
35573,15
35573,36
35573,43
37755,8
37755,36
37755,40
57791,
106809,36
135496,
17910,30
17910,36
29,36
29,47
267,0
267,9
267,12
267,44
583,9
735,0
735,22
735,25
762,5
762,25
838,6
838,18
838,36
1061,7
3378,36
5255,
100922,23
72025,18
84983,3
81117,9
81117,30
26704,0
26704,15
26704,28
112318,12
119022,13
119022,32
119392,36
24,
57,5
57,15
57,36
1009,15
1009,47
1649,11
1649,30
1649,39
2459,
6520,12
6520,24
7776,40
15306,12
15306,18
15306,35
16144,24
16144,30
16922,3
16922,14
16922,36
481,0
481,30
481,38
481,48
1047,
4453,
14790,
21054,
704,0
1097,
4625,
148542,46
23571,
39883,36
17904,5
17904,47
24308,
128,
3009,
111229,
112091,
92252,36
96044,12
98379,
103701,1
103701,30
108566,17
91514,36
44523,
375,31
731,9
731,30
915,6
915,36
915,42
1461,7
1461,25
62547,36
26144,8
26144,36
103063,3
103989,36
112115,28
112115,37
158,30
348,26
348,36
445,6
445,36
1802,15
1802,37
4571,
5651,6
5651,36
11593,2
11593,8
11593,36
14531,6
585,36
1075,30
1075,41
1075,43
3731,
4258,3
4258,30
10884,36
10884,42
16593,
17552,2
17552,14
17552,36
107548,
58027,36
70801,36
26736,
47825,
110031,43
144011,
145496,
510,
1208,13
15805,36
132962,21
24705,30
24705,36
27231,15
27231,36
58563,12
96792,12
103897,41
103897,43
113163,7
118804,
133431,
53,
92,17
373,
9738,30
1014,36
1014,42
2924,12
3042,
8070,24
77637,
114793,30
112589,
112694,29
118625,
121480,44
67401,
5711,
10865,
30315,
45947,29
18074,19
84255,36
436,
705,44
994,42
1695,12
1695,22
1982,
3008,25
8144,36
8652,30
104491,3
100128,30
100128,41
115746,30
117840,48
35733,
46010,
58007,
17,36
1297,20
1297,30
9546,31
141833,
20242,24
36131,17
44319,17
44319,36
102703,
106204,
112807,34
112807,36
124470,13
124470,30
124470,43
125052,45
463,26
463,30
661,8
661,27
661,36
688,0
729,12
770,18
792,7
929,12
929,13
929,16
1110,
1630,12
1630,44
8557,36
10978,42
11850,7
70259,13
70259,32
80375,
80281,22
80281,36
21467,29
24294,36
44501,15
44501,34
44501,36
635,12
7749,6
7749,36
7760,9
7760,18
10443,30
10443,36
128365,36
112922,0
112922,25
132975,36
63535,3
63535,14
1101,7
1101,30
1218,0
1218,25
1218,30
1218,39
1258,30
3097,
10010,3
10010,6
10010,24
10010,36
26769,36
120250,
128594,40
143031,36
99007,34
99007,36
99969,21
20,39
47,25
47,36
47,40
338,
339,6
339,8
3403,10
3403,36
3403,44
7010,12
7010,32
8300,36
9296,36
13702,36
393,7
674,7
1149,18
1257,30
4945,1
11243,12
11652,36
11652,42
20554,
36933,
112090,36
89960,13
89960,30
89960,43
107948,21
80091,15
80091,36
80841,14
18570,30
22986,
26178,12
27029,5
27029,10
27029,36
48025,
27,30
27,40
564,9
564,30
564,41
591,36
655,32
655,38
872,
928,
10447,19
153158,0
153158,48
98374,17
115710,24
119931,
124094,36
908,
988,18
3102,36
4423,12
4423,35
78537,14
78537,34
78537,36
38105,36
41435,18
108187,14
108696,37
108696,47
139104,
62671,17
62671,30
110485,24
573,25
633,36
649,22
649,30
1365,12
1659,19
1659,22
3868,9
3868,12
3868,18
3868,35
9705,38
13271,0
13271,12
13271,35
89467,36
24457,17
24457,36
41629,36
111745,
121209,27
121209,36
75989,36
75989,40
88110,
11,18
670,19
670,30
670,41
1211,12
1211,30
12917,
648,
1092,6
1092,25
1092,36
1092,48
1260,30
1741,6
1741,36
3282,14
3574,0
3574,30
3574,39
5775,3
24903,0
24903,25
115122,36
117332,34
117332,36
55163,30
55163,36
55163,41
59893,14
59893,36
61097,12
95964,40
95964,44
19980,36
25245,29
35003,10
35003,36
1362,2
1362,14
1362,36
1362,47
6997,
10179,
10330,36
10330,37
11914,12
15104,
17517,
142310,36
148467,0
148467,34
62723,24
116539,34
116539,36
116539,39
118232,0
118232,12
123038,
131334,
128072,32
130661,47
8,23
8,37
1184,36
1184,42
1474,24
1474,30
1474,40
8742,28
14978,
84559,36
152907,0
160786,18
142457,
136975,
1216,47
1735,8
1735,23
3076,44
4207,
13290,12
13290,30
14633,5
14633,36
14633,37
80719,13
80719,30
80719,43
19709,12
25250,
41697,
122842,
128995,
105430,36
140409,
142997,25
59669,
83923,
442,30
976,44
1605,22
17465,
544,30
665,
1506,15
4368,15
4368,36
5029,
89553,
89562,
97179,7
98578,38
98578,41
103942,36
25916,
43857,42
59961,5
59961,42
68883,24
81667,13
81667,45
105,24
509,
776,38
5454,12
5454,43
5820,36
7630,0
7630,22
112268,26
112268,34
112268,36
128463,36
135545,36
135545,42
28899,
37565,28
142765,13
142765,32
144695,42
133,
407,30
407,36
11329,39
13897,42
14110,8
14110,36
17706,
99391,14
99391,29
104271,30
80385,13
80385,27
80385,32
36615,36
52043,3
136793,
151815,
154679,12
23,10
23,18
23,36
160,8
160,15
160,36
907,15
1023,0
1023,7
1023,30
1031,15
1067,12
3258,43
5664,24
7378,15
7378,36
7728,30
11643,42
45447,15
45447,36
49865,9
23627,
26441,24
44933,0
44933,7
44933,30
159130,8
117044,23
137939,12
888,12
926,15
926,37
1388,
4222,42
5655,
11896,
13419,12
13419,21
13419,30
13419,36
14721,34
14721,36
57015,36
62083,
94919,
99386,45
39291,36
149751,6
392,15
422,33
422,36
975,12
1250,
1683,12
1683,35
2435,36
3438,11
3438,30
3438,39
3438,40
3633,
10270,
11454,
14689,12
14689,20
14689,35
115230,
42531,
70589,6
70589,48
90334,
104829,
534,36
868,
871,
1496,36
1648,19
3941,
4584,36
17374,
17541,
138407,
140295,
56435,
67645,36
67645,42
80119,
118166,23
121544,
129409,22
129409,36
130331,45
130934,
135396,23
135396,43
19671,36
24302,19
24302,38
26021,
118,14
1456,
1668,20
1668,30
3713,14
3713,48
3986,9
3986,11
3986,41
4623,12
6888,28
6888,30
95920,
98639,24
103851,10
103851,36
109608,
122575,12
87813,
15,10
15,18
15,36
164,5
164,36
164,37
356,
744,14
744,30
744,47
1721,18
1721,36
3486,44
3576,11
3576,39
3872,3
3872,36
4964,
21040,12
21040,21
30779,28
30779,36
40481,2
40481,36
52277,45
21651,
22044,30
22044,36
23419,
41847,
45757,36
108032,
115217,
119852,42
120658,
124,14
3064,30
7024,
8677,36
8848,
85802,5
85802,15
59519,42
75929,12
75929,47
92149,36
28631,
39625,
144034,28
371,2
371,14
411,36
616,36
877,36
1271,36
1349,22
1349,24
1978,36
14127,30
14127,36
16686,36
113937,
115365,36
121303,
122448,34
122448,36
122830,13
122830,32
124520,30
124520,36
131807,
24450,
24821,36
48397,13
48397,39
70557,6
96369,
96581,
98270,9
103244,45
107239,14
107239,28
108639,36
55,3
55,36
448,32
462,
563,15
563,48
773,
892,36
1158,
1895,12
4998,36
5685,
8483,15
8483,36
14568,6
15205,30
16659,0
16659,11
16659,39
146207,
60511,
62509,2
62509,26
62509,48
80469,12
116790,
121945,3
131703,3
50217,36
58,5
58,28
58,36
1267,
1766,
1951,32
3101,
4011,7
5380,0
5380,12
5380,35
5380,47
6889,28
8878,1
8878,8
8878,12
11089,
11977,
13492,24
13492,36
92182,36
106609,30
107570,12
107570,43
118873,30
120177,0
120177,13
120177,26
120177,27
122615,14
69903,
587,2
587,8
587,26
587,27
587,36
885,12
1344,20
1344,30
2598,36
4470,36
7747,24
46258,14
35035,36
104565,6
104565,43
121043,24
122147,
123681,10
123681,27
123681,36
127366,
137146,36
142,9
142,30
142,41
430,36
902,
3522,
7656,20
57249,12
69015,25
75243,
77239,36
83807,42
86327,2
86337,
90174,
91767,36
93695,36
95347,30
95347,36
102373,17
102373,41
108424,36
22103,5
22103,36
27327,
142246,30
142246,36
142649,
12,
676,12
676,24
676,43
696,10
696,27
710,15
710,30
710,36
820,36
820,37
1261,30
1298,0
1298,12
1408,30
6140,44
7716,7
9152,12
9152,30
11072,36
14498,
16034,36
17207,
116482,36
124154,
127120,28
127120,36
109330,36
110029,34
113360,
114852,
120680,
120716,
123270,36
131498,
34335,
41733,13
41733,22
99678,8
99678,36
100945,
105912,36
107774,
14,
37,36
634,15
634,36
634,42
1376,
8947,
10740,22
10740,36
12064,36
13992,2
13992,36
15547,30
140581,9
140581,30
159771,
162479,9
74337,
111276,14
117020,
118668,
120367,
128108,30
128108,36
34091,36
1072,5
1072,12
1072,35
4031,12
5157,4
5157,9
5157,18
12671,
14841,
14975,40
94676,12
94676,43
101554,
90609,12
92472,
95228,28
104475,
109910,0
109910,8
109910,37
109910,48
116808,34
116808,36
118233,
120403,36
120481,36
121951,7
129361,36
129361,46
132727,
55377,28
55377,30
60977,
67,38
366,19
1264,30
1397,29
3993,
7270,27
8094,12
8094,18
10309,
11438,
11777,36
12269,36
16668,
22519,10
22519,36
23689,36
51493,
22273,
22520,42
25132,9
25132,40
25861,
28107,
44171,
47363,9
96194,13
96194,32
99575,12
103562,36
114006,
115958,
118858,
122851,13
122851,32
133988,36
344,30
766,36
933,9
933,30
1185,4
1185,36
4018,30
11493,12
11493,20
11493,43
11767,36
14154,
16815,
73451,
61959,
65489,36
65489,43
69841,28
93398,
94251,28
94251,36
95377,
101851,36
102980,
149674,36
48151,
98,
3153,
3749,30
5394,
8446,30
8840,12
10386,36
10580,
109339,13
109339,32
111857,36
122559,
122936,7
122936,9
122936,30
115848,36
130357,
137041,1
143990,36
55403,48
75101,45
95353,13
95353,32
52,42
257,12
304,
556,44
582,36
1472,12
1490,12
3537,6
3537,34
3537,36
3636,
4742,
5806,30
13801,0
13801,12
13801,13
13801,35
17149,
28833,25
37683,19
37683,22
37683,38
28226,
36723,
37641,
49333,13
55301,12
64047,36
81507,
112592,2
112592,16
126292,28
126292,36
127993,
132378,13
149334,36
16,10
36,17
36,32
36,36
40,
107,30
219,41
426,22
1051,23
1051,33
1319,7
1319,31
1351,7
1351,25
1709,
1804,
4611,25
7948,36
12888,
13949,18
13949,27
13949,30
13949,36
13949,40
14065,
96812,14
98607,8
98607,36
103803,30
90117,13
90309,17
92582,
108023,
111953,36
121026,43
122880,
134814,36
137982,5
137982,36
25855,12
25855,22
36903,
37067,
48257,
54663,3
54663,36
60973,36
67615,13
78477,4
50,40
