id_manga,id_author,id_role
2,449,2
2,703,1
1706,52,2
656,244,2
656,896,0
13,571,2
1,831,2
51,244,2
642,909,2
25,49,2
70345,241,0
70345,902,1
4632,64,2
16765,158,2
44489,219,2
3,831,2
657,244,2
1303,292,0
1303,87,1
90125,15,2
104,76,2
336,120,2
1224,829,2
34053,545,1
34053,621,0
56805,594,2
35243,132,2
651,461,2
21525,395,2
28,885,2
100448,735,1
100448,430,0
14483,381,2
91941,814,2
7375,632,2
26,791,2
44347,501,1
44347,567,0
7,485,2
116778,117,2
418,833,2
126287,857,0
126287,2,1
72467,813,2
45143,638,2
21,569,1
21,579,0
145,637,2
664,608,2
1133,173,2
145863,117,2
88660,528,2
4,67,2
904,364,0
904,368,1
1859,431,2
123006,59,0
123006,206,1
78523,884,2
85968,558,2
132678,126,2
107931,863,2
44,699,2
81,27,2
745,831,2
745,787,0
60783,567,2
756,892,2
1325,787,2
114043,487,2
126146,15,0
126146,887,1
100035,687,2
102256,358,2
102256,825,0
144267,434,2
23900,467,1
23900,621,0
37707,50,2
698,622,2
3006,52,2
3031,474,2
13245,706,2
105084,8,2
118289,745,2
22,850,2
214,880,2
214,794,0
610,525,2
11514,480,2
61579,129,2
92559,785,2
11327,289,2
119161,107,2
23390,251,2
8157,719,2
107562,217,0
107562,546,1
107562,533,0
113138,24,2
114745,308,0
114745,563,1
129621,818,2
137303,684,2
44307,178,2
101396,166,2
79085,353,2
56529,59,0
56529,164,1
87844,437,2
102,754,2
11734,911,1
28393,359,2
33327,254,2
113010,578,1
113010,504,0
5744,425,2
30,171,2
21498,621,0
21498,21,1
85781,383,2
104538,343,1
104538,710,0
93753,474,2
38071,465,2
46282,886,2
139629,52,2
112988,520,2
97244,298,2
1183,3,2
1469,448,2
7482,0,0
7482,295,1
11054,831,2
11054,510,0
85719,262,2
88639,489,2
25515,52,2
36413,582,2
121504,491,2
43,238,0
43,501,1
6812,555,2
7519,840,2
9982,636,2
100323,761,0
100323,462,1
3285,482,2
3299,377,1
3299,167,0
121213,584,2
29211,804,2
62795,861,0
62795,662,1
117851,813,2
743,831,2
1032,115,2
17051,901,2
658,645,2
21499,621,0
21499,478,1
42451,150,1
42451,146,0
3572,129,2
119279,166,2
93699,632,2
42,799,2
419,553,2
974,769,2
3866,790,2
8967,886,1
8967,252,0
768,347,2
3573,129,2
110160,343,1
110160,710,0
87397,604,2
87397,404,2
87609,327,1
87609,135,0
24692,4,2
33031,68,2
2921,125,2
6164,911,2
94376,5,2
99314,681,0
99314,373,1
110771,277,2
106,85,2
401,269,2
9711,569,1
9711,579,0
10,85,2
85,76,2
1414,683,2
3082,53,2
138673,117,2
39325,646,2
115730,701,2
89087,121,2
1111,787,2
1600,787,2
3571,129,2
48347,762,2
122906,57,1
122906,191,0
660,229,2
869,616,2
936,867,2
3281,529,2
16081,545,1
16081,621,0
62023,833,2
58141,37,2
61189,875,2
77609,336,2
98436,800,1
98436,922,0
104241,554,2
25096,49,2
49835,363,2
923,185,2
1013,3,2
3575,129,2
12471,115,2
31,517,2
320,181,2
2895,263,2
10552,465,2
40761,209,0
40761,916,1
443,702,2
895,142,0
895,823,1
102343,594,2
155861,7,2
47022,359,2
112774,644,2
118568,152,2
123444,332,0
123444,197,1
93972,505,2
736,890,0
736,879,1
1262,214,1
1262,621,0
9699,520,2
9,85,2
18,568,2
79,682,2
149,550,2
1263,723,1
1263,621,0
9548,621,0
9548,478,1
14236,375,2
35573,749,2
37755,69,2
57791,255,2
106809,30,2
135496,781,2
17910,473,0
17910,805,1
29,885,2
267,196,2
583,854,2
735,200,2
762,525,2
838,854,2
1061,45,2
3378,676,2
5255,495,2
100922,262,2
72025,93,1
72025,647,0
84983,366,2
81117,254,2
26704,388,2
112318,296,2
119022,634,1
119022,11,0
119392,99,2
24,207,2
57,519,2
1009,829,2
1649,289,2
2459,1,2
6520,607,2
7776,297,0
7776,139,1
15306,425,1
15306,100,0
16144,621,0
16144,700,1
16922,792,2
481,909,2
1047,393,0
1047,786,2
4453,352,2
14790,581,2
21054,920,0
21054,75,1
704,549,2
1097,442,2
4625,912,0
4625,778,1
148542,690,1
148542,409,0
23571,425,2
39883,421,2
17904,178,2
24308,63,0
24308,338,1
128,20,2
3009,52,2
111229,769,2
112091,131,2
92252,736,2
96044,344,2
98379,304,2
103701,265,2
108566,266,2
91514,307,2
44523,920,0
44523,163,1
375,673,2
731,104,2
915,492,2
1461,231,1
1461,84,0
62547,639,2
26144,874,2
103063,220,2
103989,125,2
112115,422,0
112115,834,1
158,237,2
158,591,0
348,342,2
445,120,2
1802,300,2
4571,22,2
5651,737,2
11593,531,2
14531,120,2
585,680,2
1075,769,2
3731,64,2
4258,788,2
10884,785,2
16593,892,2
17552,72,2
107548,188,1
58027,839,2
70801,64,2
26736,727,2
47825,557,0
47825,540,1
110031,775,2
144011,483,2
145496,669,2
510,442,2
1208,708,2
15805,429,2
132962,810,1
132962,535,0
24705,606,2
27231,866,2
58563,632,2
96792,145,2
103897,238,0
103897,83,1
113163,141,1
118804,872,2
133431,399,1
53,791,2
92,760,2
373,611,2
9738,723,1
9738,621,0
1014,3,2
2924,269,2
3042,256,2
8070,465,2
77637,534,2
114793,340,2
112589,170,2
112694,556,2
118625,758,2
121480,374,2
67401,851,2
5711,695,2
10865,611,2
30315,28,2
45947,904,2
18074,257,2
84255,131,2
436,267,2
705,821,0
705,541,0
705,654,2
994,179,2
1695,787,2
1982,708,2
3008,52,2
8144,441,2
8652,149,2
104491,444,2
100128,95,1
100128,688,0
115746,240,0
115746,268,1
117840,858,2
35733,277,1
46010,85,2
58007,715,1
58007,713,0
17,806,2
1297,506,0
1297,561,1
9546,695,2
141833,475,2
20242,709,2
36131,201,2
44319,407,0
44319,155,1
102703,520,2
106204,656,2
112807,643,2
124470,71,1
124470,513,0
125052,416,2
463,595,1
463,765,0
661,386,2
688,739,2
729,480,2
770,347,2
792,203,2
929,848,2
1110,428,2
1630,52,2
8557,212,2
10978,446,2
11850,290,2
70259,114,1
70259,617,0
80375,732,2
80281,559,1
80281,720,0
21467,500,2
24294,635,2
44501,605,2
635,906,2
7749,804,2
7760,264,2
10443,741,2
128365,903,2
112922,599,2
132975,641,2
63535,25,2
1101,728,0
1101,905,1
1218,129,2
1258,214,1
1258,621,0
3097,855,2
10010,768,2
26769,454,2
120250,881,2
128594,571,0
128594,153,0
128594,83,1
128594,190,0
143031,97,2
99007,573,2
99969,511,2
20,569,1
20,213,0
47,26,2
338,494,2
339,564,2
3403,228,2
7010,395,2
8300,322,2
9296,751,1
9296,731,0
13702,619,2
393,334,0
393,306,0
393,659,1
674,421,2
1149,157,1
1149,84,0
1257,723,1
1257,621,0
4945,742,2
11243,378,2
11652,116,2
20554,590,2
36933,325,0
36933,57,1
112090,131,2
89960,426,1
89960,513,0
107948,511,2
80091,846,0
80091,246,1
80841,316,2
18570,365,2
22986,247,2
26178,313,2
27029,171,2
48025,581,0
48025,583,1
27,85,2
564,587,2
591,325,2
655,202,2
872,52,2
928,394,0
928,869,1
928,418,1
10447,257,2
153158,858,2
98374,85,2
115710,24,2
119931,159,2
124094,8,2
908,597,2
988,420,2
3102,488,2
4423,899,2
78537,870,2
38105,753,2
41435,390,1
41435,144,0
108187,235,2
108696,245,2
139104,110,2
62671,407,0
62671,155,1
110485,128,0
110485,828,0
110485,12,1
573,442,2
633,47,2
649,9,2
1365,756,2
1659,509,2
3868,862,1
3868,537,0
9705,423,2
13271,592,2
89467,323,2
24457,407,0
24457,155,1
41629,889,0
41629,580,1
111745,256,2
121209,8,2
75989,205,2
88110,821,0
88110,580,1
11,346,2
670,350,2
1211,195,2
12917,755,2
648,452,2
1092,486,2
1260,718,1
1260,621,0
1741,737,2
3282,431,2
3574,129,2
5775,408,2
24903,362,2
115122,43,2
117332,112,2
55163,288,0
55163,86,1
59893,822,2
61097,310,2
95964,549,2
19980,808,2
25245,500,2
35003,897,2
1362,41,2
6997,405,0
6997,333,0
6997,113,1
10179,778,2
10330,143,2
11914,538,2
15104,29,1
15104,562,0
17517,557,0
17517,653,1
142310,400,2
148467,280,2
62723,4,2
116539,886,1
116539,252,0
118232,379,1
118232,6,0
123038,920,0
123038,472,1
131334,722,2
128072,294,2
130661,102,1
130661,770,0
8,777,2
1184,3,2
1474,507,2
8742,853,2
14978,442,2
84559,602,2
152907,274,2
160786,346,0
160786,232,1
142457,779,2
136975,34,2
1216,885,2
1735,841,2
3076,88,2
4207,40,2
13290,134,2
13290,94,0
14633,438,2
80719,138,1
80719,513,0
19709,678,0
19709,258,1
25250,98,2
41697,237,1
41697,591,0
122842,81,2
128995,89,2
105430,223,2
140409,914,2
142997,437,2
59669,764,0
59669,798,1
83923,539,0
83923,484,1
442,425,2
976,691,0
976,337,1
1605,320,2
17465,819,1
17465,291,0
544,432,2
665,192,2
1506,66,2
4368,757,0
4368,921,1
5029,123,2
89553,215,2
89562,866,2
97179,247,2
98578,683,2
103942,284,2
25916,393,0
25916,786,2
43857,479,2
59961,503,2
68883,908,2
81667,457,1
81667,412,0
105,771,2
509,442,2
776,423,2
5454,750,2
5820,514,2
7630,55,0
7630,913,1
112268,127,2
128463,866,2
135545,450,2
28899,557,0
28899,464,1
37565,243,2
142765,888,1
142765,617,0
144695,308,0
144695,649,1
133,85,2
407,705,2
11329,603,2
13897,815,0
13897,809,1
14110,827,2
17706,1,2
99391,440,0
99391,137,1
104271,606,2
80385,845,1
80385,18,0
36615,146,2
52043,733,2
136793,267,2
151815,616,2
154679,730,2
23,739,2
160,355,2
907,811,2
1023,692,2
1031,570,2
1067,702,2
3258,778,2
5664,674,2
7378,635,2
7728,612,2
11643,479,2
45447,331,1
45447,846,0
49865,642,2
49865,451,0
23627,844,2
26441,253,1
26441,802,0
44933,832,0
44933,462,1
159130,459,2
117044,476,0
117044,314,2
137939,830,2
888,824,2
926,811,2
1388,224,1
1388,515,0
4222,600,2
5655,222,2
11896,801,2
13419,782,2
14721,165,2
57015,417,2
62083,502,1
62083,411,0
94919,308,0
94919,51,1
99386,859,1
99386,326,0
39291,468,2
149751,543,2
392,576,2
422,172,2
975,906,2
1250,891,0
1250,895,1
1683,364,0
1683,368,1
2435,836,2
3438,273,2
3633,495,2
10270,435,2
11454,115,2
14689,787,2
115230,677,2
42531,162,2
70589,120,2
90334,495,2
104829,151,2
534,691,0
534,467,1
868,122,2
871,648,0
871,236,1
1496,885,2
1648,527,0
1648,481,1
3941,333,0
3941,711,1
4584,230,2
17374,463,2
17541,299,0
17541,572,1
138407,376,1
138407,147,0
140295,919,2
56435,221,1
56435,357,0
67645,463,2
80119,91,2
118166,476,0
118166,282,2
121544,797,2
129409,893,2
130331,111,1
130331,318,0
130934,624,0
130934,671,1
135396,873,1
19671,405,0
19671,333,0
19671,62,1
24302,54,2
26021,439,2
118,85,2
1456,697,1
1456,752,0
1668,657,2
3713,512,1
3713,281,0
3986,371,2
3986,317,2
4623,234,2
6888,695,2
95920,795,2
98639,385,2
103851,161,2
109608,287,0
109608,631,1
122575,96,2
87813,693,2
15,14,2
164,130,2
356,106,2
744,367,2
1721,298,2
3486,119,1
3486,591,0
3576,129,2
3872,773,2
4964,460,2
21040,466,2
30779,911,2
40481,531,2
52277,326,0
52277,189,1
21651,310,2
22044,210,1
22044,613,0
23419,681,0
23419,666,1
41847,675,2
45757,623,1
45757,812,0
45757,490,0
108032,60,1
108032,865,0
115217,370,2
119852,455,2
120658,759,1
120658,807,0
124,27,2
3064,46,2
7024,185,2
8677,333,0
8677,33,1
8848,83,2
85802,924,2
59519,774,2
75929,598,2
92149,876,2
28631,309,0
28631,552,1
39625,660,1
39625,279,0
144034,496,1
144034,704,0
371,80,2
411,356,0
411,36,1
616,311,2
877,300,2
1271,438,2
1349,31,0
1349,218,1
1978,233,2
14127,640,0
14127,707,1
16686,387,2
113937,101,0
113937,689,1
115365,133,2
121303,803,2
122448,907,2
122830,716,1
122830,330,0
124520,140,2
131807,721,2
24450,536,0
24450,548,1
24821,325,0
24821,864,1
48397,301,0
48397,183,1
70557,225,0
70557,471,1
96369,920,0
96369,198,1
96581,187,2
98270,117,2
103244,326,0
103244,250,1
107239,380,2
108639,925,2
55,408,2
448,906,2
462,20,2
563,177,2
773,740,2
892,309,0
892,574,1
1158,526,0
1158,156,1
1895,577,2
4998,469,2
5685,1,2
8483,668,2
14568,194,2
15205,691,0
15205,630,1
16659,129,2
146207,271,2
60511,709,2
62509,793,2
80469,313,2
116790,278,2
121945,633,2
131703,743,0
131703,285,1
50217,611,2
58,103,2
1267,885,2
1766,134,2
1951,574,2
3101,891,0
3101,392,1
4011,615,2
5380,860,2
6889,695,2
8878,186,2
11089,456,1
11089,299,0
11977,667,2
13492,319,2
92182,303,0
92182,532,1
106609,267,2
106609,94,0
107570,663,1
107570,401,0
118873,148,0
118873,493,1
120177,211,2
122615,542,2
69903,415,2
587,898,2
885,906,2
1344,787,2
2598,405,0
2598,333,0
2598,443,1
4470,275,1
4470,820,0
7747,122,2
46258,261,2
35035,436,2
104565,842,2
121043,817,2
122147,74,1
122147,516,0
123681,566,1
123681,523,0
127366,89,2
137146,391,2
142,734,1
142,746,0
430,668,2
902,458,2
3522,286,0
3522,786,1
7656,169,1
7656,248,0
57249,313,2
69015,302,2
75243,13,2
77239,635,2
83807,116,2
86327,160,2
86337,729,2
90174,918,1
91767,619,2
93695,725,2
95347,328,0
95347,625,1
102373,105,0
102373,565,1
108424,32,2
22103,519,2
27327,78,2
142246,341,0
142246,655,1
142649,193,2
12,382,2
676,739,2
696,170,2
710,470,2
820,672,2
1261,796,1
1261,621,0
1298,628,2
1298,364,0
1408,46,2
6140,48,2
6140,670,0
7716,334,0
7716,60,1
9152,149,2
11072,154,1
11072,433,0
14498,402,2
16034,789,2
17207,124,2
116482,303,0
116482,61,1
124154,610,2
127120,90,2
109330,133,2
110029,242,2
113360,567,2
114852,426,1
114852,651,0
120680,593,2
120716,453,2
123270,315,2
131498,298,2
34335,539,0
34335,658,1
41733,652,1
41733,878,0
99678,717,2
100945,744,0
100945,766,1
105912,297,0
105912,560,1
107774,650,2
14,415,2
37,777,2
634,747,2
1376,452,2
8947,521,2
10740,397,0
10740,260,1
12064,447,2
13992,76,2
15547,46,2
140581,621,0
140581,16,1
159771,477,2
162479,204,2
74337,557,0
74337,540,1
111276,618,2
117020,767,2
118668,372,2
120367,724,2
128108,288,0
128108,86,1
34091,410,2
1072,843,2
4031,664,2
5157,264,2
12671,35,2
14841,539,0
14841,658,1
14975,270,2
94676,324,2
101554,53,2
90609,763,2
92472,110,2
95228,544,2
104475,694,0
104475,686,1
109910,398,2
116808,629,2
118233,917,2
120403,551,2
120481,433,2
121951,45,0
121951,48,1
129361,44,1
129361,239,0
132727,445,2
55377,427,2
60977,661,0
60977,227,1
67,208,2
366,681,0
366,911,1
1264,349,1
1264,621,0
1397,369,2
3993,620,2
7270,73,2
8094,406,2
10309,524,2
11438,609,0
11438,351,1
11777,333,0
11777,711,1
12269,772,2
12269,361,0
12269,882,0
16668,616,2
22519,852,1
22519,168,0
23689,894,2
51493,826,0
51493,816,1
22273,787,2
22520,497,2
25132,780,1
25132,744,0
25861,56,2
28107,396,1
28107,303,0
44171,868,2
47363,308,0
47363,118,1
96194,716,1
96194,330,0
99575,456,2
103562,413,2
114006,684,2
115958,627,2
118858,173,2
122851,330,0
122851,530,1
133988,303,0
133988,19,1
344,702,2
766,747,2
933,585,2
1185,3,2
4018,679,2
11493,499,2
11767,174,2
14154,521,2
16815,226,2
73451,144,0
73451,596,1
61959,52,2
65489,384,2
69841,92,2
93398,136,2
94251,626,2
95377,184,2
101851,199,2
102980,748,2
149674,900,2
48151,65,2
98,612,2
3153,321,2
3749,545,1
3749,621,0
5394,447,2
8446,414,2
8840,176,2
10386,424,2
10580,696,2
10580,70,0
109339,588,1
109339,877,0
111857,354,2
122559,575,2
122936,360,0
122936,276,1
115848,305,2
130357,534,2
137041,856,2
143990,753,2
55403,517,2
75101,326,0
75101,175,1
95353,293,1
95353,79,0
52,180,2
257,524,2
304,739,2
556,714,0
556,403,1
582,849,2
1472,229,2
1490,915,1
1490,910,0
3537,897,2
3636,685,2
4742,259,0
4742,498,1
5806,335,2
13801,196,2
17149,334,0
17149,306,0
17149,659,1
28833,784,0
28833,837,1
37683,601,2
28226,23,2
36723,838,0
36723,182,1
37641,345,1
37641,847,0
49333,634,1
49333,783,0
55301,48,2
55301,216,0
64047,508,2
81507,347,2
112592,547,2
126292,166,2
127993,39,0
127993,109,1
132378,249,1
132378,883,0
149334,776,1
149334,712,0
16,14,2
36,777,2
40,852,2
107,85,2
219,329,0
219,4,1
426,272,2
1051,389,2
1319,698,2
1351,923,2
1709,58,2
1804,45,2
4611,738,2
7948,871,2
12888,108,2
13949,504,0
13949,17,1
14065,835,2
96812,726,2
98607,82,2
103803,98,2
90117,339,1
90117,77,0
90309,407,0
90309,155,2
92582,42,2
108023,312,0
108023,522,1
111953,489,2
121026,769,2
122880,589,2
134814,554,2
137982,614,2
25855,518,2
36903,819,1
36903,291,0
37067,283,2
48257,665,2
54663,586,2
60973,348,1
60973,661,0
67615,10,1
67615,38,0
78477,419,2
50,755,2
