id_manga,id_genre
2,0
2,1
2,2
2,5
2,7
2,10
2,16
1706,0
1706,1
1706,11
1706,16
656,0
656,1
656,2
13,0
13,1
13,7
1,2
1,5
1,11
51,2
51,15
642,0
642,1
642,2
642,5
25,0
25,1
25,2
25,5
25,7
70345,4
4632,5
4632,14
16765,0
16765,2
44489,0
44489,5
44489,7
3,2
3,5
3,11
3,13
657,5
657,15
1303,5
1303,14
1303,15
90125,2
90125,4
104,2
104,4
104,14
336,0
336,2
336,4
336,5
336,6
1224,2
1224,5
1224,14
34053,5
34053,7
34053,11
34053,16
56805,2
56805,5
35243,2
35243,15
651,0
651,1
651,2
651,7
651,16
21525,0
21525,1
21525,7
21525,12
28,2
28,5
28,12
100448,5
14483,2
14483,5
14483,13
91941,1
91941,5
91941,7
91941,13
7375,5
7375,15
26,0
26,1
26,7
44347,0
44347,4
7,2
7,15
116778,0
116778,2
116778,16
418,2
418,7
418,11
418,16
126287,1
126287,2
126287,5
126287,7
72467,1
72467,2
72467,14
45143,5
21,16
21,17
145,2
145,5
145,12
664,0
664,2
664,13
1133,0
1133,4
1133,7
1133,10
145863,5
88660,5
88660,8
4,2
4,5
4,13
4,14
904,0
1859,5
1859,16
123006,0
123006,11
123006,16
78523,4
78523,5
78523,12
78523,14
85968,0
85968,1
85968,2
132678,5
132678,12
132678,14
107931,2
107931,5
44,0
44,4
44,13
81,1
81,4
81,5
81,13
81,14
745,0
745,2
745,11
745,13
745,17
60783,0
60783,2
60783,4
60783,16
756,0
756,1
756,5
1325,5
1325,7
1325,12
1325,13
1325,16
114043,12
126146,5
126146,16
100035,7
102256,2
102256,15
144267,5
144267,12
23900,5
23900,11
23900,16
23900,17
37707,2
37707,5
37707,12
698,0
698,5
698,11
698,13
698,17
3006,0
3006,16
3031,1
3031,7
3031,11
3031,16
13245,2
13245,5
105084,16
118289,2
118289,5
22,0
22,5
214,0
214,2
214,5
214,13
610,4
610,5
610,12
11514,2
11514,12
61579,5
92559,15
11327,15
119161,0
119161,4
23390,0
23390,2
23390,5
8157,4
8157,7
8157,12
8157,16
107562,5
107562,11
113138,0
113138,16
114745,2
114745,15
129621,2
129621,5
129621,15
137303,14
44307,2
44307,14
101396,3
79085,3
79085,5
56529,0
56529,11
56529,16
87844,2
87844,4
102,2
102,5
102,12
102,16
11734,5
11734,12
28393,2
28393,5
28393,12
33327,0
33327,7
33327,10
113010,0
113010,4
113010,5
113010,11
113010,12
113010,16
5744,5
5744,15
30,4
30,5
30,12
21498,5
21498,7
21498,10
21498,11
21498,16
21498,17
85781,4
85781,7
85781,9
104538,5
93753,7
93753,16
38071,0
38071,1
38071,4
38071,5
38071,12
38071,16
46282,4
46282,5
46282,12
46282,14
139629,0
139629,1
139629,16
112988,3
112988,5
112988,14
97244,5
97244,14
1183,2
1183,4
1183,5
1183,12
1183,15
1469,5
1469,12
7482,2
7482,5
11054,5
11054,11
11054,16
85719,2
88639,12
88639,16
25515,0
25515,1
25515,2
25515,11
25515,16
36413,4
36413,16
121504,12
43,15
6812,0
6812,4
7519,4
7519,7
7519,12
7519,16
9982,0
100323,11
100323,17
3285,0
3299,1
3299,5
3299,7
3299,12
3299,16
121213,12
29211,4
29211,12
62795,17
117851,14
743,2
743,5
743,11
743,13
1032,1
1032,2
1032,4
1032,13
1032,14
17051,4
17051,14
658,0
658,1
658,5
658,16
21499,5
21499,10
21499,11
21499,16
42451,12
3572,2
3572,5
119279,3
119279,14
93699,5
42,0
42,1
42,4
42,13
419,2
419,4
419,12
419,14
974,1
974,2
974,5
974,7
974,12
3866,0
3866,7
3866,11
3866,16
8967,5
768,0
768,13
3573,5
110160,5
87397,4
87397,16
87609,2
87609,7
24692,0
24692,7
33031,0
33031,10
33031,16
2921,4
2921,12
6164,5
6164,14
94376,14
99314,5
99314,16
110771,7
106,1
106,2
106,4
106,7
106,12
401,0
401,2
401,10
401,13
9711,4
9711,5
9711,12
10,4
10,5
10,11
10,16
85,4
85,14
1414,2
1414,4
1414,5
3082,4
138673,5
39325,11
39325,16
115730,7
115730,11
89087,4
89087,12
1111,5
1111,16
1600,2
1600,5
3571,5
48347,4
48347,5
48347,12
48347,15
122906,2
122906,3
122906,4
122906,12
660,5
660,12
869,0
869,1
869,2
869,4
869,16
936,5
936,10
936,11
936,16
3281,5
16081,5
16081,10
16081,11
62023,7
62023,11
62023,16
58141,2
58141,12
61189,7
77609,3
77609,14
98436,0
98436,7
104241,4
104241,7
25096,2
25096,4
25096,5
49835,4
923,1
923,2
923,7
923,12
1013,2
1013,4
1013,5
1013,12
1013,15
3575,0
3575,4
3575,5
3575,17
12471,1
12471,4
12471,7
12471,13
12471,14
31,2
31,4
31,5
31,12
320,4
320,5
2895,2
2895,5
10552,0
10552,16
10552,17
40761,5
40761,7
40761,12
40761,14
443,5
443,12
895,0
895,12
102343,1
102343,2
102343,5
102343,16
155861,8
47022,5
47022,12
47022,14
112774,14
118568,4
123444,0
123444,4
123444,7
123444,16
93972,7
736,0
736,1
736,5
736,7
736,16
1262,5
1262,10
1262,11
9699,3
9699,14
9,0
9,1
9,5
9,7
18,2
18,4
18,5
18,12
18,14
79,0
79,1
79,2
79,5
79,7
79,12
79,16
149,0
149,5
149,10
149,13
1263,5
1263,10
1263,11
9548,5
9548,10
9548,11
14236,12
14236,14
35573,5
35573,12
35573,13
37755,4
37755,16
57791,3
57791,5
57791,14
106809,5
135496,0
135496,4
135496,16
17910,5
29,5
29,12
267,0
267,10
267,16
583,0
583,1
583,7
583,10
735,0
735,5
762,0
762,4
762,5
762,12
838,0
838,4
838,12
1061,1
1061,2
1061,4
1061,11
3378,2
3378,12
3378,14
5255,4
5255,5
5255,12
100922,
72025,0
84983,4
84983,14
81117,0
81117,7
81117,10
26704,2
26704,5
112318,0
112318,7
119022,0
119022,4
119022,7
119392,3
119392,5
24,0
24,1
24,7
57,4
57,5
57,12
1009,2
1009,4
1009,5
1009,12
1009,14
1649,5
2459,3
2459,4
2459,5
6520,7
6520,12
7776,0
7776,4
7776,13
15306,2
15306,14
16144,5
16144,10
16144,11
16922,4
16922,14
481,2
481,5
481,13
481,14
1047,0
1047,1
4453,1
4453,7
14790,1
14790,2
14790,7
21054,7
21054,14
704,0
704,1
704,2
704,4
704,5
704,13
1097,0
1097,1
1097,7
4625,1
4625,5
4625,11
4625,15
148542,5
23571,2
23571,5
39883,0
39883,4
17904,2
17904,4
24308,0
24308,5
24308,11
24308,13
128,4
128,7
128,10
128,11
128,16
3009,0
3009,1
111229,2
111229,11
112091,3
112091,14
92252,3
92252,5
92252,14
96044,4
96044,12
96044,14
98379,4
98379,14
98379,16
103701,2
103701,5
103701,14
108566,4
108566,14
91514,0
91514,4
91514,12
44523,7
375,0
375,5
731,0
731,5
731,13
731,17
915,4
915,5
915,14
915,15
1461,5
1461,17
62547,4
62547,14
26144,4
103063,3
103063,14
103989,4
103989,12
112115,5
158,5
158,10
158,11
158,12
158,16
348,4
348,5
348,14
445,0
445,4
445,5
445,12
1802,5
1802,12
4571,5
4571,7
4571,12
5651,0
11593,4
11593,8
14531,0
14531,4
14531,5
14531,6
585,5
585,12
1075,0
1075,1
1075,2
1075,5
1075,10
1075,11
1075,12
1075,13
1075,17
3731,5
3731,14
4258,5
4258,14
10884,2
10884,15
16593,0
16593,5
17552,14
107548,5
107548,11
107548,13
58027,4
58027,12
70801,2
70801,5
70801,13
26736,2
26736,5
26736,12
47825,1
47825,13
110031,11
110031,16
110031,17
144011,3
144011,5
145496,3
510,0
510,1
510,4
510,5
510,7
1208,1
1208,3
1208,7
15805,10
15805,11
15805,12
15805,16
132962,3
132962,5
24705,5
24705,12
27231,12
58563,5
96792,0
96792,7
103897,1
103897,2
103897,13
113163,0
113163,11
113163,16
118804,5
133431,5
133431,14
133431,15
53,0
53,2
53,4
53,5
53,16
92,2
92,5
92,7
92,12
373,0
373,1
373,5
373,7
373,12
9738,5
9738,10
9738,11
1014,4
1014,5
1014,12
1014,15
2924,0
2924,1
2924,2
3042,2
3042,14
8070,0
8070,1
8070,5
77637,0
77637,7
114793,1
114793,7
114793,14
112589,4
112589,12
112694,4
112694,14
118625,8
121480,2
121480,12
121480,16
67401,4
67401,16
5711,0
5711,2
5711,5
10865,0
10865,5
10865,7
30315,4
30315,12
45947,4
45947,14
18074,0
84255,3
84255,14
436,5
436,10
436,16
705,0
705,10
705,12
705,16
994,2
994,4
994,15
1695,2
1695,5
1982,3
1982,7
1982,12
1982,16
3008,0
3008,1
8144,4
8144,5
8144,12
8144,13
8144,6
8652,2
8652,3
8652,5
104491,3
104491,14
100128,2
100128,11
100128,13
100128,17
115746,5
115746,11
115746,17
117840,4
117840,12
35733,5
46010,5
46010,11
46010,16
58007,0
17,4
17,5
17,12
1297,2
1297,5
9546,2
9546,4
9546,5
141833,3
141833,10
141833,11
141833,16
20242,4
20242,16
36131,0
36131,4
36131,7
44319,5
44319,10
102703,3
106204,0
106204,7
112807,4
124470,5
124470,7
124470,17
125052,12
463,4
463,5
463,12
661,2
661,4
688,4
688,5
688,12
729,12
729,14
770,0
770,5
770,13
792,1
792,4
929,1
929,5
929,7
929,12
1110,4
1110,12
1110,14
1630,0
1630,1
8557,4
8557,5
8557,12
8557,14
10978,2
10978,4
10978,5
10978,15
11850,16
70259,7
80375,14
80281,4
21467,14
24294,12
44501,4
635,3
635,10
635,11
635,16
7749,4
7760,0
7760,1
10443,0
10443,5
128365,8
112922,4
132975,8
63535,4
63535,9
63535,14
1101,0
1101,5
1101,17
1218,0
1218,5
1258,5
1258,10
1258,11
3097,5
3097,7
3097,13
3097,14
3097,16
10010,0
10010,4
10010,16
26769,12
26769,14
120250,4
120250,14
128594,0
128594,1
128594,7
143031,4
143031,12
99007,2
99007,4
99969,14
20,2
20,4
20,5
20,16
47,0
47,4
338,0
338,1
338,5
338,7
338,12
338,13
338,16
339,2
339,4
3403,0
3403,4
3403,7
3403,12
3403,16
3403,6
7010,4
7010,5
7010,12
7010,16
8300,2
8300,15
9296,3
9296,14
13702,4
13702,12
393,2
393,5
393,11
393,16
674,11
674,16
1149,0
1149,5
1149,13
1257,5
1257,10
1257,11
4945,2
11243,5
11652,4
11652,15
20554,2
20554,4
20554,14
36933,2
36933,4
36933,12
112090,3
112090,14
89960,5
89960,7
89960,17
107948,14
80091,4
80091,12
80841,7
80841,14
18570,5
18570,13
22986,5
22986,7
22986,12
22986,16
26178,0
26178,16
27029,4
27029,5
27029,12
48025,0
48025,1
48025,7
27,0
27,5
27,7
27,16
564,0
564,5
564,10
564,13
564,16
591,4
591,12
655,5
655,7
655,11
655,12
655,13
872,0
872,1
872,16
928,0
928,1
10447,0
10447,13
153158,4
153158,12
98374,1
98374,4
98374,7
98374,12
115710,0
115710,16
119931,3
119931,5
119931,16
124094,16
908,0
908,7
908,16
988,0
988,4
988,5
988,6
3102,8
4423,2
4423,5
78537,2
78537,4
78537,14
38105,8
41435,0
41435,16
108187,4
108187,12
108187,14
108696,5
139104,12
62671,5
62671,7
110485,0
110485,7
573,0
573,3
573,4
573,5
573,11
633,4
633,12
649,0
649,5
649,13
1365,2
1365,3
1365,5
1659,13
3868,0
3868,5
9705,1
9705,5
9705,7
9705,13
13271,5
89467,4
89467,14
24457,5
24457,7
24457,10
41629,5
41629,11
41629,14
111745,1
111745,13
121209,4
121209,16
75989,0
88110,0
88110,7
88110,16
11,0
11,1
11,7
670,5
670,13
1211,5
1211,10
12917,0
12917,1
12917,4
12917,16
648,0
648,5
1092,0
1092,4
1092,12
1092,14
1260,5
1260,10
1260,11
1260,16
1741,0
1741,4
3282,12
3574,5
5775,5
5775,12
5775,16
24903,0
24903,5
115122,7
115122,8
117332,4
55163,10
55163,11
55163,14
55163,17
59893,14
61097,0
61097,5
61097,16
95964,0
95964,7
95964,16
19980,4
19980,12
25245,14
35003,4
35003,11
35003,12
35003,16
1362,4
1362,14
6997,5
6997,12
10179,14
10330,5
10330,12
11914,0
15104,7
17517,5
17517,11
17517,13
142310,5
142310,8
148467,4
62723,7
116539,
118232,5
118232,7
118232,12
123038,7
123038,14
131334,0
131334,4
128072,12
128072,16
130661,5
130661,12
8,4
8,5
8,7
8,12
8,16
1184,4
1184,5
1184,12
1184,15
1474,0
1474,1
1474,5
1474,7
1474,10
1474,13
1474,16
8742,
14978,0
14978,1
14978,4
14978,5
14978,7
84559,4
84559,12
152907,12
160786,0
160786,1
160786,7
142457,14
136975,12
1216,12
1735,4
3076,0
3076,3
3076,4
3076,7
3076,11
3076,16
4207,2
4207,12
4207,14
13290,5
14633,5
14633,12
80719,5
80719,7
80719,17
19709,4
19709,14
25250,4
25250,10
25250,6
41697,10
41697,11
41697,16
122842,5
122842,8
122842,14
128995,3
128995,14
105430,4
105430,14
140409,3
140409,7
142997,4
59669,5
59669,13
83923,0
83923,7
83923,16
442,0
976,16
1605,0
1605,2
1605,7
17465,5
544,5
544,12
665,4
665,7
665,12
1506,2
1506,12
4368,5
4368,12
5029,5
5029,12
89553,5
89562,5
89562,12
97179,5
97179,16
97179,17
98578,0
98578,2
98578,13
103942,12
25916,1
25916,5
25916,7
43857,4
43857,15
59961,15
68883,7
68883,12
81667,0
81667,4
81667,7
81667,16
105,0
105,1
105,2
105,16
509,0
509,1
509,5
509,7
776,1
776,2
776,5
776,7
776,13
5454,3
5454,5
5454,7
5820,4
7630,0
7630,12
7630,13
112268,
128463,12
135545,12
135545,15
28899,5
28899,13
37565,3
37565,5
142765,7
144695,15
133,5
133,7
133,16
407,2
407,5
407,14
11329,4
11329,5
13897,2
13897,5
13897,15
14110,4
17706,3
17706,4
17706,5
99391,4
99391,14
104271,5
104271,17
80385,1
80385,4
80385,7
36615,12
52043,14
136793,10
151815,0
151815,1
151815,4
151815,16
154679,12
23,0
23,4
23,12
23,6
160,4
160,12
907,5
907,12
907,16
1023,0
1023,13
1031,2
1031,5
1031,12
1067,
3258,5
3258,14
5664,0
5664,16
7378,12
7728,5
7728,7
7728,16
11643,4
11643,15
45447,4
45447,12
49865,0
49865,10
49865,11
49865,16
23627,2
23627,15
26441,0
26441,1
26441,4
26441,7
26441,12
44933,0
44933,5
44933,11
44933,13
159130,4
117044,0
137939,2
888,1
888,4
888,7
888,12
926,4
926,12
1388,2
1388,5
1388,12
4222,2
4222,15
5655,5
5655,11
5655,16
11896,5
11896,7
11896,12
13419,2
13419,4
13419,5
13419,12
13419,14
14721,4
57015,4
57015,7
57015,12
57015,16
62083,4
62083,5
62083,12
94919,5
99386,0
99386,7
39291,4
39291,12
149751,0
392,2
392,4
392,5
392,12
422,5
422,12
975,1
975,5
975,7
975,10
975,12
975,16
1250,5
1683,0
1683,5
2435,4
2435,14
3438,0
3438,1
3438,12
3438,13
3438,16
3633,4
3633,12
10270,0
10270,7
10270,11
10270,13
11454,4
11454,13
14689,0
14689,2
14689,5
14689,14
115230,1
115230,5
115230,13
115230,14
42531,1
42531,4
42531,7
70589,
90334,12
90334,16
104829,5
104829,17
534,5
534,11
534,17
868,1
868,11
871,0
871,1
871,7
1496,5
1496,12
1648,0
1648,1
1648,4
1648,13
3941,5
3941,12
4584,4
4584,5
4584,8
17374,7
17541,10
17541,11
17541,12
17541,16
138407,5
138407,11
138407,13
140295,8
140295,14
56435,
67645,12
67645,15
80119,7
80119,14
118166,0
121544,0
121544,1
121544,4
121544,7
129409,0
130331,0
130331,1
130331,2
130934,4
130934,12
135396,0
135396,13
19671,0
19671,4
19671,5
19671,16
24302,0
24302,1
24302,13
26021,12
118,1
118,7
118,12
1456,0
1456,5
1456,13
1456,16
1668,5
3713,5
3713,9
3713,14
3986,0
3986,1
3986,5
3986,13
3986,16
4623,10
4623,11
4623,12
4623,16
6888,5
95920,7
95920,12
98639,4
98639,7
103851,2
103851,4
103851,12
109608,0
109608,5
109608,7
122575,5
122575,8
87813,4
87813,12
15,0
15,1
15,4
15,7
15,12
15,16
15,6
164,4
164,12
356,0
356,1
356,4
356,5
356,7
356,12
356,16
744,4
744,12
744,14
1721,0
1721,5
1721,7
1721,16
3486,11
3486,16
3486,17
3576,5
3576,11
3872,4
3872,5
3872,12
4964,5
21040,2
30779,5
30779,14
40481,4
40481,8
40481,14
52277,0
52277,7
52277,12
21651,
22044,5
22044,7
22044,11
22044,12
22044,16
23419,5
23419,12
41847,1
41847,7
41847,12
45757,9
45757,6
108032,5
108032,17
115217,5
115217,12
119852,4
119852,15
120658,5
120658,7
120658,11
124,13
124,14
3064,5
7024,4
7024,12
8677,4
8677,5
8677,16
8848,0
8848,4
8848,5
8848,6
85802,5
85802,12
59519,2
59519,15
75929,
92149,4
92149,12
28631,0
28631,3
28631,5
28631,16
39625,4
39625,12
39625,13
39625,16
144034,5
371,4
371,14
411,2
411,5
411,9
411,12
616,0
616,4
877,2
877,5
877,12
1271,4
1271,12
1349,0
1349,7
1978,4
1978,5
1978,12
14127,5
16686,7
16686,11
16686,12
16686,16
113937,12
113937,14
115365,3
115365,5
121303,3
121303,4
121303,16
122448,4
122830,7
122830,14
124520,5
124520,14
131807,4
131807,12
24450,0
24450,1
24450,5
24450,10
24450,16
24821,4
24821,12
48397,4
48397,7
48397,6
70557,0
96369,4
96369,7
96581,0
96581,1
96581,7
98270,0
98270,11
98270,16
103244,0
103244,1
103244,11
107239,2
107239,9
107239,14
108639,4
108639,5
108639,12
55,4
55,5
55,12
448,7
448,12
462,7
462,10
462,11
462,16
563,12
773,5
773,12
773,13
892,3
892,5
892,12
1158,12
1158,14
1895,5
1895,12
4998,7
5685,0
5685,5
5685,7
5685,11
5685,16
8483,5
8483,12
8483,6
14568,0
14568,4
15205,0
15205,5
15205,11
16659,
146207,13
60511,0
60511,7
60511,16
62509,4
80469,0
80469,16
116790,4
116790,10
116790,16
121945,4
121945,7
131703,13
131703,14
50217,5
50217,12
58,4
58,5
58,12
58,14
1267,5
1267,11
1267,16
1766,5
1766,7
1766,12
1951,1
1951,3
1951,7
1951,12
1951,16
3101,5
3101,14
4011,3
4011,5
5380,2
5380,5
6889,5
8878,4
11089,10
11089,11
11089,16
11977,2
11977,5
11977,9
11977,14
13492,0
13492,7
92182,4
92182,12
106609,5
107570,0
107570,7
118873,5
120177,4
120177,7
122615,14
69903,7
587,4
587,14
885,10
885,11
1344,5
2598,5
2598,12
4470,4
4470,12
7747,0
7747,2
7747,4
7747,16
46258,14
46258,16
35035,5
35035,12
104565,0
104565,2
121043,1
121043,7
122147,0
122147,13
123681,4
123681,12
127366,3
127366,14
137146,3
142,0
142,17
430,4
430,5
430,12
430,15
430,6
902,3
902,5
902,14
3522,1
3522,7
3522,11
3522,16
7656,5
57249,0
69015,0
69015,5
75243,4
77239,12
83807,15
86327,4
86327,7
86327,14
86337,0
86337,4
86337,7
90174,5
90174,13
91767,2
91767,12
93695,3
95347,5
95347,11
102373,0
102373,7
102373,17
108424,12
22103,12
27327,4
27327,14
142246,5
142649,4
142649,12
12,0
12,1
12,2
12,7
676,1
676,2
676,4
676,5
676,7
676,12
676,16
696,0
696,4
696,12
710,5
710,10
710,11
710,12
710,16
820,4
820,5
820,12
1261,5
1261,10
1261,11
1298,0
1298,1
1298,2
1298,5
1298,11
1408,
6140,1
7716,0
7716,5
9152,3
9152,5
11072,5
11072,12
14498,0
14498,3
14498,5
16034,12
16034,16
17207,4
17207,11
17207,16
116482,4
116482,12
116482,16
124154,4
127120,15
109330,3
109330,5
109330,14
110029,4
110029,5
113360,4
113360,16
114852,5
114852,12
120680,0
120680,4
120680,7
120716,4
120716,8
123270,8
123270,14
131498,1
131498,16
34335,0
34335,4
34335,5
34335,12
34335,16
41733,0
41733,1
41733,7
99678,4
99678,5
100945,7
105912,13
107774,4
107774,11
107774,17
14,1
14,4
14,7
37,4
37,5
37,12
634,5
634,12
634,15
1376,0
1376,5
1376,11
1376,13
8947,2
8947,4
8947,14
10740,5
10740,13
12064,5
12064,12
13992,4
13992,14
15547,5
140581,10
140581,11
140581,16
140581,17
159771,5
162479,0
162479,7
74337,13
111276,4
111276,16
117020,8
118668,10
118668,16
120367,4
120367,12
120367,14
128108,10
128108,11
128108,14
34091,5
34091,12
1072,0
1072,2
1072,12
4031,2
5157,0
12671,4
12671,14
14841,0
14841,5
14841,16
14975,0
14975,5
14975,13
14975,16
94676,12
101554,4
101554,14
90609,5
92472,4
92472,12
95228,3
104475,1
104475,7
104475,11
104475,13
109910,4
116808,4
118233,3
118233,4
120403,4
120403,8
120481,3
121951,11
129361,4
129361,7
129361,8
132727,7
132727,8
55377,5
55377,16
60977,13
60977,16
67,5
67,13
366,5
366,12
366,13
1264,5
1264,10
1264,11
1397,4
1397,14
3993,2
3993,5
3993,12
7270,1
7270,4
8094,0
8094,1
8094,4
10309,3
10309,5
10309,12
11438,5
11438,16
11777,5
11777,12
12269,0
12269,4
12269,6
16668,0
16668,1
16668,2
16668,4
16668,7
22519,4
22519,12
22519,13
22519,16
22519,6
23689,4
23689,12
23689,16
51493,7
51493,11
51493,13
22273,
22520,4
22520,15
25132,0
25132,7
25861,0
25861,13
28107,4
28107,12
28107,14
28107,6
44171,3
47363,0
47363,10
47363,16
96194,7
99575,11
99575,12
103562,12
114006,5
115958,0
115958,16
118858,4
118858,10
118858,13
122851,7
133988,4
133988,12
344,5
344,13
344,16
766,4
766,5
766,12
933,0
933,5
933,10
933,12
933,16
1185,0
1185,4
1185,5
1185,12
1185,15
4018,5
4018,11
4018,13
11493,2
11493,5
11493,16
11767,12
14154,4
14154,12
16815,0
73451,16
61959,11
61959,16
65489,12
65489,16
69841,5
69841,14
93398,0
93398,4
93398,5
94251,5
95377,14
95377,16
101851,14
102980,5
149674,12
48151,0
48151,13
98,4
98,5
98,16
3153,2
3153,11
3749,4
3749,5
3749,10
3749,11
3749,16
5394,12
8446,0
8446,5
8446,11
8446,17
8840,7
8840,12
8840,16
10386,2
10386,9
10386,12
10580,0
10580,5
10580,16
109339,0
109339,1
109339,7
111857,8
122559,0
122559,16
122936,5
115848,12
130357,0
130357,1
130357,4
130357,7
137041,4
137041,14
137041,16
143990,8
55403,4
55403,12
75101,0
75101,1
75101,7
95353,0
95353,1
95353,4
95353,7
52,5
52,15
257,3
257,5
304,2
304,4
304,12
304,13
556,0
556,5
556,7
556,10
556,13
582,4
582,5
582,12
582,14
582,6
1472,5
1472,12
1490,5
1490,7
1490,12
3537,0
3537,4
3636,11
3636,16
4742,0
4742,1
4742,10
4742,13
5806,4
5806,10
5806,16
13801,0
13801,1
13801,4
13801,7
17149,11
28833,0
28833,11
37683,0
37683,5
37683,13
28226,4
28226,12
28226,14
36723,4
36723,7
36723,12
36723,16
37641,3
49333,4
49333,7
49333,12
55301,5
64047,3
64047,14
81507,0
81507,13
112592,4
126292,5
127993,0
127993,1
127993,4
127993,7
132378,3
132378,7
149334,4
149334,12
16,2
16,4
16,12
16,6
36,0
36,5
36,12
36,16
40,0
40,1
40,4
40,7
107,4
107,12
107,13
107,6
219,1
219,13
219,16
426,0
426,5
1051,4
1051,5
1051,12
1319,0
1319,1
1319,5
1351,0
1351,5
1351,11
1709,1
1709,7
1709,14
1709,16
1804,1
1804,4
1804,12
4611,0
4611,5
7948,5
7948,12
7948,15
12888,4
12888,5
12888,12
13949,0
13949,4
13949,5
13949,6
14065,0
14065,7
14065,16
96812,9
96812,14
98607,4
103803,13
90117,1
90117,7
90309,5
90309,7
92582,3
92582,4
108023,5
108023,16
111953,2
111953,12
121026,0
121026,1
121026,12
121026,13
122880,4
122880,14
134814,4
134814,7
137982,12
25855,
36903,1
36903,14
37067,3
48257,0
48257,5
54663,12
60973,0
60973,5
60973,13
67615,5
67615,7
78477,5
78477,15
50,0
50,1
50,4
50,16
