id_manga,id_demographic
2,2
1706,2
1706,4
656,2
13,4
1,2
51,4
642,2
25,4
70345,2
4632,2
16765,2
44489,2
3,2
657,2
1303,4
90125,2
104,
336,4
1224,2
34053,4
56805,4
35243,4
651,
21525,3
28,3
100448,4
14483,2
91941,
7375,2
26,4
44347,2
7,4
116778,4
418,2
126287,4
72467,
45143,4
21,4
145,4
664,2
1133,2
145863,4
88660,
4,2
904,2
1859,3
123006,4
78523,
85968,2
132678,
107931,2
44,4
81,4
745,2
60783,
756,3
1325,4
114043,
126146,2
100035,2
102256,2
144267,
23900,4
37707,4
698,2
698,4
3006,4
3031,4
13245,0
105084,4
118289,2
22,4
214,4
610,3
11514,2
61579,2
92559,4
11327,2
119161,4
23390,4
8157,3
107562,2
113138,4
114745,4
129621,2
137303,2
44307,0
101396,
79085,
56529,2
87844,2
102,3
11734,2
28393,0
33327,2
113010,4
5744,2
30,3
21498,4
85781,2
104538,
93753,4
38071,2
46282,
139629,2
112988,
97244,2
1183,4
1469,3
7482,2
11054,2
85719,2
88639,3
25515,2
36413,2
121504,3
43,4
6812,4
7519,4
9982,2
100323,4
3285,2
3299,2
121213,2
29211,
62795,4
117851,
743,2
1032,1
1032,4
17051,4
658,2
21499,4
42451,4
3572,2
119279,0
93699,2
42,4
419,0
974,3
3866,4
8967,
768,2
3573,
110160,
87397,2
87609,4
24692,4
33031,4
2921,3
6164,2
94376,
99314,2
110771,2
106,3
401,2
9711,4
10,2
85,
1414,4
3082,4
138673,4
39325,2
115730,2
89087,
1111,
1600,4
3571,
48347,4
122906,3
660,3
869,4
936,2
3281,4
16081,4
62023,2
58141,3
61189,4
77609,
98436,
104241,4
25096,4
49835,
923,3
1013,4
3575,2
12471,1
31,3
320,3
2895,2
10552,2
40761,2
443,3
895,4
102343,4
155861,
47022,0
112774,
118568,
123444,
93972,4
736,2
1262,4
9699,
9,4
18,3
79,3
149,2
1263,
9548,
14236,3
35573,3
37755,4
57791,
106809,2
135496,4
17910,2
29,0
267,2
583,4
735,2
762,3
838,4
1061,4
3378,3
5255,3
100922,2
72025,
84983,
81117,2
26704,0
112318,4
119022,
119392,
24,4
57,3
1009,0
1649,2
2459,3
6520,3
7776,
15306,2
16144,
16922,3
481,2
1047,4
4453,
14790,4
21054,
704,2
1097,
4625,2
148542,
23571,2
39883,4
17904,0
24308,3
128,0
3009,4
111229,0
112091,
92252,
96044,4
98379,
103701,4
108566,
91514,4
44523,
375,2
731,2
915,4
1461,2
62547,4
26144,
103063,
103989,3
112115,4
158,3
348,2
445,4
1802,3
4571,3
5651,4
11593,
14531,4
585,2
1075,3
3731,2
4258,0
10884,4
16593,3
17552,2
107548,2
58027,4
70801,2
26736,3
47825,2
110031,4
144011,
145496,
510,0
1208,3
15805,4
132962,
24705,4
27231,3
58563,2
96792,4
103897,4
113163,
118804,0
133431,2
53,4
92,3
373,3
9738,
1014,4
2924,2
3042,2
8070,4
77637,
114793,
112589,4
112694,
118625,
121480,4
67401,
5711,4
10865,3
30315,3
45947,3
18074,4
84255,
436,2
705,
994,2
1695,
1982,3
3008,4
8144,4
8652,3
104491,
100128,4
115746,2
117840,2
35733,4
46010,2
58007,3
17,3
1297,2
9546,4
141833,
20242,4
36131,
44319,2
102703,
106204,2
112807,4
124470,2
125052,
463,4
661,4
688,2
729,2
770,2
792,4
929,3
1110,3
1630,4
8557,4
10978,4
11850,3
70259,2
80375,
80281,2
21467,2
24294,3
44501,2
635,3
7749,3
7760,
10443,2
128365,
112922,
132975,
63535,2
1101,4
1218,
1258,4
3097,2
10010,4
26769,2
120250,2
128594,4
143031,
99007,4
99969,
20,4
47,4
338,4
339,4
3403,4
7010,3
8300,4
9296,
13702,3
393,4
674,4
1149,4
1257,
4945,4
11243,2
11652,4
20554,3
36933,3
112090,
89960,2
107948,
80091,2
80841,2
18570,2
22986,2
26178,3
27029,3
48025,4
27,3
564,2
591,3
655,3
872,4
928,1
10447,4
153158,2
98374,3
115710,4
119931,
124094,
908,4
988,4
3102,2
4423,3
78537,4
38105,
41435,3
108187,
108696,4
139104,3
62671,
110485,2
573,
633,3
649,
1365,3
1659,
3868,2
9705,2
13271,2
89467,4
24457,
41629,4
111745,2
121209,
75989,4
88110,2
11,4
670,2
1211,2
12917,
648,2
1092,0
1260,4
1741,4
3282,3
3574,2
5775,3
24903,2
115122,
117332,4
55163,
59893,
61097,3
95964,4
19980,3
25245,2
35003,4
1362,
6997,
10179,2
10330,3
11914,3
15104,4
17517,2
142310,
148467,
62723,4
116539,4
118232,
123038,
131334,4
128072,
130661,
8,3
1184,4
1474,4
8742,0
14978,0
84559,3
152907,3
160786,4
142457,3
136975,3
1216,3
1735,2
3076,3
4207,3
13290,2
14633,3
80719,2
19709,2
25250,2
41697,3
122842,0
128995,
105430,4
140409,
142997,2
59669,
83923,
442,2
976,4
1605,4
17465,2
544,0
665,3
1506,3
4368,
5029,3
89553,3
89562,3
97179,2
98578,4
103942,4
25916,4
43857,4
59961,4
68883,3
81667,
105,4
509,
776,4
5454,3
5820,4
7630,3
112268,2
128463,3
135545,4
28899,2
37565,2
142765,
144695,4
133,3
407,3
11329,
13897,2
14110,4
17706,
99391,
104271,2
80385,4
36615,
52043,
136793,3
151815,
154679,
23,4
160,4
907,3
1023,2
1031,3
1067,2
3258,2
5664,4
7378,3
7728,2
11643,4
45447,2
49865,2
23627,4
26441,
44933,4
159130,2
117044,4
137939,2
888,3
926,3
1388,3
4222,4
5655,2
11896,3
13419,2
14721,2
57015,4
62083,2
94919,2
99386,
39291,3
149751,
392,0
422,3
975,3
1250,3
1683,
2435,2
3438,4
3633,3
10270,0
11454,4
14689,2
115230,
42531,4
70589,2
90334,3
104829,
534,4
868,4
871,4
1496,3
1648,4
3941,
4584,2
17374,3
17541,3
138407,
140295,0
56435,4
67645,3
80119,
118166,0
121544,
129409,
130331,4
130934,
135396,
19671,
24302,1
26021,3
118,
1456,2
1668,2
3713,2
3986,4
4623,3
6888,2
95920,3
98639,4
103851,4
109608,2
122575,
87813,3
15,4
164,3
356,
744,4
1721,4
3486,4
3576,4
3872,3
4964,3
21040,
30779,4
40481,
52277,
21651,3
22044,2
23419,2
41847,3
45757,4
108032,2
115217,
119852,4
120658,2
124,3
3064,2
7024,3
8677,
8848,2
85802,
59519,4
75929,2
92149,
28631,
39625,0
144034,4
371,
411,3
616,4
877,3
1271,3
1349,0
1978,3
14127,4
16686,0
113937,
115365,
121303,
122448,2
122830,
124520,2
131807,
24450,2
24821,3
48397,2
70557,2
96369,
96581,
98270,4
103244,
107239,4
108639,3
55,3
448,3
462,3
563,3
773,2
892,
1158,2
1895,3
4998,3
5685,3
8483,4
14568,4
15205,4
16659,2
146207,2
60511,4
62509,
80469,
116790,
121945,
131703,2
50217,2
58,3
1267,3
1766,2
1951,3
3101,3
4011,3
5380,2
6889,2
8878,
11089,3
11977,2
13492,4
92182,
106609,2
107570,
118873,
120177,
122615,
69903,
587,
885,3
1344,2
2598,2
4470,3
7747,4
46258,4
35035,3
104565,4
121043,2
122147,2
123681,2
127366,
137146,
142,2
430,4
902,
3522,3
7656,4
57249,4
69015,2
75243,
77239,3
83807,4
86327,2
86337,4
90174,
91767,3
93695,
95347,4
102373,
108424,3
22103,3
27327,2
142246,2
142649,4
12,4
676,4
696,4
710,3
820,3
1261,4
1298,2
1408,2
6140,4
7716,4
9152,3
11072,3
14498,
16034,3
17207,4
116482,
124154,
127120,2
109330,
110029,
113360,
114852,
120680,
120716,
123270,
131498,2
34335,4
41733,
99678,2
100945,
105912,
107774,2
14,4
37,3
634,3
1376,2
8947,2
10740,3
12064,3
13992,4
15547,2
140581,
159771,0
162479,4
74337,2
111276,
117020,
118668,4
120367,
128108,
34091,3
1072,3
4031,4
5157,4
12671,4
14841,
14975,2
94676,0
101554,2
90609,2
92472,3
95228,
104475,4
109910,
116808,4
118233,
120403,
120481,
121951,4
129361,
132727,
55377,2
60977,
67,2
366,2
1264,
1397,2
3993,0
7270,3
8094,4
10309,
11438,4
11777,
12269,4
16668,4
22519,4
23689,2
51493,4
22273,2
22520,1
25132,4
25861,2
28107,
44171,
47363,4
96194,
99575,3
103562,3
114006,2
115958,2
118858,4
122851,
133988,
344,2
766,3
933,2
1185,4
4018,3
11493,2
11767,3
14154,2
16815,4
73451,0
61959,4
65489,3
69841,2
93398,
94251,3
95377,2
101851,2
102980,2
149674,3
48151,4
98,2
3153,4
3749,
5394,3
8446,2
8840,3
10386,3
10580,2
109339,
111857,
122559,
122936,0
115848,2
130357,
137041,
143990,3
55403,0
75101,
95353,
52,4
257,
304,4
556,3
582,2
1472,3
1490,3
3537,4
3636,3
4742,2
5806,2
13801,2
17149,4
28833,0
37683,2
28226,2
36723,
37641,
49333,
55301,4
64047,
81507,2
112592,
126292,0
127993,
132378,
149334,
16,4
36,3
40,4
107,2
219,4
426,4
1051,3
1319,2
1351,4
1709,4
1804,4
4611,2
7948,
12888,0
13949,4
14065,
96812,
98607,
103803,2
90117,4
90309,
92582,
108023,
111953,3
121026,0
122880,
134814,
137982,
25855,2
25855,4
36903,2
37067,
48257,4
54663,3
60973,
67615,2
78477,2
50,4
